# recipeItemId|craftedItemId  (recipes only on OctoWow, crafted item found by name via OctoWow search)
104|82
12816|12764
12817|12769
12818|12772
12826|12779
12831|12795
12832|12802
33134|33135
5577|2867
61786|61779
61787|61780
61788|61781
61789|61782
61790|61783
62001|61648
62002|61649
62004|65039
6734|6730
6736|6733
7976|7967
7977|7925
83507|60294
83548|65008
21737|21570
21738|21569
40082|41326
40083|41327
40084|41328
83510|51312
83511|51313
16|55043
5083|5081
55053|55054
62003|65038
62006|65036
62007|65037
83538|65000
83546|65021
8384|8174
8388|8195
21722|21154
21723|21542
55051|55052
55055|55056
62005|65035
6273|6243
7093|7027
